average end-point error
mean: 0.4058143255749234
std: 0.5938642533214359
max: 6.41634464263916
min: 0.05364980176091194
EPE1
mean: 6.875
std: 12.242729630329992
max: 67.578125
min: 0.0
EPE3
mean: 1.1950231481481481
std: 4.900693639436392
max: 44.53125
min: 0.0
